12 
30 30
32 2
30 30
0 0
2 2
2 3
3 2
3 3
3 9
3 10
2 16
3 15
3 16
4 17
5 17
5 18
3 24
3 25
3 26
4 23
4 24
4 25
5 25
16 18
16 19
16 20
21 20
14 29
30 28
10 29
16 6
17 4
17 6
18 5
18 6
12 2
13 2
13 3
13 8
13 9
13 10
12 15
12 16
14 18
15 17
15 18
13 24
13 25
14 24
14 25
15 23
15 24
17 4
17 6
18 5
18 16
20 0
22 2
22 3
23 3
23 9
23 10
22 15
25 17
25 18
23 24
23 25
24 23
24 25
25 23
25 24
26 6
28 5
28 18
17 6
7 28
14 17
16 19
23 4
23 5
23 6
24 6
25 6
24 8
29 5
28 6
3 43
2 44
3 42
3 45
2 43
4 43
3 44
2 42
1 45
4 43
28 28
27 27
26 26
28 46
46 43
42 2
43 5
43 2
41 2
34 4
49 43

